h Montag-Freitag
5 08 23 38 52
6 06 14 21 29 36 44 49 57
7 04 12 19 27 34 42 49 57
8 04 12 19 27 34 42 49 57
9 04 12 19 27 34 42 49 57
10-15 04 12 19 27 34 42 49 57
16-17 04 11 19 26 34 41 49 56
18 04 11 19 26 34 42 49 57
19 04 12 19 27 34 42 49 57
20 05 15 17d 25 35 45 47d 55
21 05 15 25 35 45 55
22 05 15 17ad 25 35b 38a 45b 53a 55b 55ad
23 05b 08a 15b 23a 25b 35b 38a 45b 47bd 53a 55b
0 08 15db 20da 25db 35d 50d

h Samstag
5 08 23 38 53
6 08 23 38 53
7 08 23 35 45 55
8 05 15 25 35 45 55
9 05 15 25 35 43 51 58
10-15 04 12 19 27 34 42 49 57
16-17 04 12 19 27 34 42 49 57
18 04 12 20 28 36 43 51 58
19 06 13 21 28 36 43 51 58
20 06 07d 15 25 35 37d 45 55
21 05 15 25 35 45 55
22 05 15 25 35 45 55
23 05 15 25 35 45 55 57d
0 08 15d 25d 35d 50d

h Sonn- und Feiertag
5 08 23 38 53
6 08 23 38 53
7 08 23 38 53
8 08 23 38 53
9 08 23 38 53
10-15 05 15 25 35 45 55
16-17 05 15 25 35 45 55
18 05 15 25 35 45 55
19 05 15 25 35 45 55
20 05 15 25 35 45 55
21 05 15 25 35 45 55
22 05 15 25 38 40c 53
23 08 23 38 53
0 08 20d 35d 50d

a Montag - Donnerstag
b Nur Freitag
c Bahnhof Wiedikon
d bis Sternen Oerlikon
